#alias arrayEnd R4
#alias arrayStart R7
#alias i R5
#alias j R6


CPY array1 i
CPY array1 arrayEnd
ADD 4096 arrayEnd

while1:
CMP i arrayEnd
EQ B exitWhile1

CPY i j
while2:
CMP j arrayEnd
EQ B exitWhile2
LOD i V0
LOD j V1
CMP V1 V0
LE CPY V0 V3
GT CPY V1 V3
GT CPY V0 V2
LE CPY V1 V2
STO i V2 
STO j V3
add 64 j
B while2
exitWhile2:
add 64 i
B while1
exitWhile1:
ADD 0 R9
#DATA
array1:
159 746 41 291 487 688 225 302 50 539 591 547 644 420 950 511 942 920 110 560 281 328 646 501 770 727 67 364 544 2 254 330 230 660 847 602 366 730 47 538 47 588 783 927 828 970 891 852 326 879 720 677 288 527 219 409 352 915 404 296 973 755 881 260 
443 510 306 771 179 659 840 839 845 30 766 224 449 246 926 505 194 967 353 667 522 413 694 56 547 194 385 927 237 942 510 703 346 294 691 769 38 173 865 639 862 805 773 130 567 154 168 959 331 379 515 292 936 236 220 795 919 83 393 384 377 231 728 725 
673 363 304 19 966 270 554 363 795 44 801 75 357 346 504 87 575 644 522 847 502 371 684 712 220 573 66 228 883 145 952 14 471 600 53 351 929 486 965 681 749 458 90 293 452 415 226 655 485 428 577 610 273 154 363 295 339 538 133 988 465 621 642 859 
984 218 560 107 63 861 541 352 97 772 945 727 20 580 479 81 699 757 147 861 221 472 297 939 25 377 498 12 651 58 455 811 42 572 643 763 938 940 42 41 214 138 632 784 343 640 119 705 410 146 810 939 752 921 760 383 805 649 180 213 396 848 702 590 
99 584 320 37 583 729 724 784 677 30 221 868 767 654 658 951 459 838 517 913 366 854 706 814 617 178 298 776 48 291 792 132 759 213 20 88 38 412 370 288 790 741 97 587 505 216 473 131 466 394 233 417 557 379 64 325 821 360 896 601 377 29 14 58 
94 486 528 195 564 48 402 565 595 371 215 482 679 588 690 942 827 232 698 832 877 768 210 707 416 720 397 759 476 425 985 161 645 746 164 20 150 957 108 990 552 116 624 16 617 294 895 643 361 930 883 959 298 295 380 147 815 218 419 593 739 965 333 116 
118 584 269 874 585 796 344 242 334 736 317 19 264 53 357 153 983 876 774 891 83 321 780 683 288 193 454 142 961 67 13 49 652 120 672 28 335 893 875 580 991 911 760 371 476 51 604 825 296 764 0 578 12 703 207 395 147 3 799 366 427 880 930 507 
257 905 718 601 211 100 707 17 301 479 644 790 365 848 306 900 609 924 584 499 154 735 483 42 683 447 426 23 919 140 0 254 13 88 764 263 596 613 800 76 572 266 900 645 105 389 614 795 180 679 772 529 378 70 659 455 350 992 376 219 652 62 330 801 
610 141 836 682 567 591 643 831 710 523 803 133 544 138 36 87 364 853 414 500 697 920 560 232 898 268 390 222 171 53 240 229 309 650 529 816 80 132 14 459 252 607 865 239 981 195 678 144 162 813 366 67 612 92 376 657 414 142 514 217 796 41 749 198 
656 221 117 146 605 440 868 602 726 943 444 729 597 718 658 342 185 856 729 504 84 525 248 519 558 245 760 683 420 752 942 483 322 46 43 644 153 670 133 782 548 329 851 320 693 335 910 973 902 424 240 873 160 342 890 915 311 128 105 838 143 15 200 195 
810 783 707 442 646 326 822 181 755 764 598 807 88 39 461 602 564 786 472 165 685 363 787 745 945 673 199 387 332 303 859 499 125 720 176 950 854 471 845 630 269 352 166 248 309 635 528 471 91 656 850 211 440 970 262 188 870 551 414 926 767 773 190 998 
341 267 559 296 219 585 974 768 346 451 270 757 400 952 72 880 351 168 507 124 983 201 938 187 68 143 516 338 90 653 704 209 492 508 68 184 82 453 761 238 539 369 888 312 944 330 781 208 92 640 569 409 813 214 494 587 186 314 776 548 501 37 666 24 
443 37 582 218 150 868 31 857 257 168 662 720 429 874 223 583 73 258 103 877 611 518 881 737 600 895 166 224 816 61 225 469 247 958 733 686 335 729 795 717 499 912 409 751 377 656 817 90 394 493 525 5 35 149 940 836 979 243 374 551 140 900 989 390 
710 991 945 217 499 275 536 268 429 543 551 559 604 246 60 172 640 165 500 654 113 315 709 118 104 898 346 670 544 989 430 616 925 723 201 418 691 130 743 829 102 364 222 322 452 546 399 218 604 762 146 638 696 363 675 264 321 595 486 458 35 200 58 751 
251 424 575 689 343 288 115 696 227 170 895 933 290 142 693 383 868 583 490 643 845 69 306 23 163 162 631 938 344 65 657 831 292 291 367 657 372 920 104 13 66 886 792 882 12 256 446 938 342 115 631 448 228 685 154 983 348 284 388 126 976 259 158 742 
168 519 961 369 369 474 262 226 308 929 827 451 33 18 47 872 826 6 495 852 818 46 775 929 76 417 775 973 995 966 813 659 48 37 391 649 436 826 747 370 102 536 493 822 73 444 558 24 674 431 606 244 473 395 467 447 989 586 760 780 806 485 431 439 
522 690 511 416 314 799 406 878 685 999 798 594 551 69 259 988 411 691 699 917 198 195 349 856 290 636 648 181 91 356 341 104 723 975 136 723 308 568 48 463 848 627 154 867 961 786 12 411 781 939 809 735 413 378 301 499 140 162 513 423 484 296 566 685 
972 663 927 22 791 402 677 874 95 521 836 461 377 604 153 995 485 498 685 408 244 770 130 546 951 383 927 326 857 728 775 753 916 459 36 460 360 981 778 916 584 359 978 271 593 134 779 423 975 575 673 522 73 968 751 863 318 220 32 279 624 601 363 306 
420 41 503 830 912 304 691 681 205 418 508 278 300 894 420 444 329 841 136 931 781 877 114 602 930 754 641 622 529 75 895 179 984 417 29 391 769 684 584 444 223 69 640 173 993 850 799 368 678 87 666 915 746 982 998 115 789 599 43 675 874 883 495 969 
165 280 507 975 300 647 984 835 952 903 779 571 534 341 603 176 280 487 433 591 288 302 938 475 501 997 745 114 695 299 209 411 731 0 168 525 353 493 263 877 779 736 776 972 406 172 178 651 160 117 914 735 46 129 287 51 786 187 807 341 364 867 299 705 
416 984 601 241 456 151 554 131 14 317 114 883 562 519 264 353 339 811 163 628 115 850 377 615 519 739 808 820 220 506 245 68 328 716 925 158 963 96 517 550 681 847 579 128 609 238 843 788 396 28 582 793 703 927 758 247 421 56 858 965 21 25 158 387 
255 248 728 805 782 427 339 515 463 788 158 120 833 22 241 482 89 100 564 554 506 888 337 918 223 587 163 701 32 795 480 383 338 142 716 821 777 235 513 577 401 840 796 241 933 229 618 892 413 198 738 919 962 854 539 822 818 89 410 481 456 935 40 5 
402 508 996 500 751 9 160 490 814 330 192 12 624 57 769 59 376 331 403 333 959 716 732 691 443 462 788 700 697 182 99 405 322 971 888 47 310 762 620 316 966 530 159 503 878 715 948 142 472 117 476 746 356 195 768 416 792 5 61 504 419 732 125 485 
524 870 124 216 524 28 757 206 411 37 562 445 979 808 973 328 67 956 447 969 710 832 13 971 697 835 751 712 529 890 458 910 812 98 786 231 316 424 467 329 103 207 795 882 5 196 594 467 379 473 151 686 969 891 63 952 708 271 420 493 141 965 262 423 
408 120 908 904 153 256 615 261 615 461 5 15 170 161 533 940 885 248 359 419 1 985 625 398 910 877 761 786 61 562 749 75 970 127 694 740 302 13 698 725 416 834 525 990 552 871 493 105 111 26 844 150 852 192 323 840 242 948 409 609 700 164 962 403 
175 349 403 683 731 648 708 450 326 220 821 238 330 385 431 145 127 56 728 817 525 72 295 34 540 601 420 884 893 791 944 465 104 109 160 641 77 400 973 350 983 458 616 309 580 111 660 585 482 137 713 642 653 880 575 966 638 213 48 903 886 92 819 594 
88 669 824 612 504 35 542 630 305 747 326 312 843 293 776 346 491 188 614 378 792 77 73 656 162 366 843 140 949 878 679 933 407 283 777 828 356 465 58 442 704 981 788 792 639 946 995 495 917 742 539 510 515 53 367 947 989 122 198 226 792 591 525 669 
413 564 333 622 717 925 449 279 425 654 420 507 339 235 256 320 739 742 819 959 462 912 139 361 409 834 840 638 549 534 164 976 572 756 317 621 797 314 29 821 196 302 290 981 469 129 17 97 723 131 623 56 156 715 397 577 784 123 958 242 485 644 700 320 
223 564 737 933 592 809 697 917 279 641 365 509 942 521 134 563 511 994 150 875 53 70 608 55 873 48 861 287 403 267 560 33 297 700 610 510 509 98 264 469 17 584 541 473 872 995 905 795 576 564 598 200 814 619 484 575 376 598 615 902 446 734 707 580 
590 509 936 484 260 16 182 733 759 798 870 398 398 864 90 864 352 671 800 540 662 613 897 67 984 147 437 755 571 590 583 470 125 150 907 350 675 458 99 583 611 304 512 150 505 740 48 799 82 452 155 949 906 222 568 392 220 437 951 29 531 729 655 357 
864 442 434 292 427 387 495 306 848 676 815 472 764 589 995 107 772 986 821 359 503 19 356 280 404 487 530 416 909 419 84 424 607 436 654 682 843 81 761 410 474 772 928 616 965 857 499 429 787 481 517 322 87 639 246 421 512 871 225 794 383 905 626 404 
143 185 42 840 90 560 452 526 203 825 1000 276 740 259 669 127 409 836 353 676 287 308 774 824 195 437 522 802 807 118 192 420 186 957 556 189 460 124 648 361 787 901 221 224 798 814 81 507 575 239 885 788 82 517 2 675 868 206 747 529 627 908 772 179 
649 550 426 279 80 86 126 732 172 541 723 204 2 776 452 173 691 393 107 485 494 612 669 105 307 558 862 686 832 520 582 186 255 77 424 316 393 859 89 670 248 919 132 386 788 895 110 770 328 126 42 81 841 433 283 943 661 753 257 502 945 927 90 758 
571 687 238 248 19 26 601 196 499 731 191 569 940 96 515 897 837 700 528 160 499 91 341 942 943 885 538 189 404 143 207 911 629 738 182 946 443 998 183 61 642 926 269 230 36 352 930 923 308 433 946 349 506 958 425 730 487 483 503 394 131 182 455 647 
911 576 314 819 201 645 164 975 706 251 842 599 540 591 148 312 936 397 369 244 781 588 990 653 911 192 849 142 322 778 983 852 869 648 83 105 500 670 73 739 737 501 425 848 193 712 677 836 539 88 51 611 186 656 844 182 594 269 532 883 242 555 350 895 
825 446 246 68 641 663 946 538 106 686 386 162 208 910 987 21 328 550 706 183 806 188 253 726 703 922 802 47 534 414 606 516 925 852 684 331 943 651 490 586 696 799 889 273 243 918 486 641 620 632 197 731 693 441 297 89 273 11 19 795 798 681 601 215 
789 658 864 730 656 319 850 49 316 944 639 615 925 157 820 678 219 806 472 901 219 750 831 770 409 361 968 561 788 926 831 905 980 422 453 910 643 280 491 487 694 525 179 953 288 626 502 660 51 487 679 383 363 203 888 589 447 168 902 987 991 672 848 368 
565 781 383 5 803 169 980 26 809 702 602 187 142 609 466 630 640 633 65 775 312 838 426 209 196 244 162 425 487 973 254 287 495 847 994 951 56 518 940 590 961 212 291 949 556 503 388 8 820 205 944 712 676 89 149 873 112 647 444 734 53 241 352 502 
271 821 318 3 122 695 192 479 147 998 392 857 636 475 883 823 79 576 837 591 627 391 471 604 633 990 887 96 602 501 765 118 66 555 13 807 44 500 221 330 297 277 229 715 831 141 969 193 827 141 867 250 842 155 17 869 611 239 182 591 116 987 766 235 
560 246 338 460 980 99 599 757 806 91 223 406 470 673 583 601 638 634 819 679 116 130 425 98 24 151 946 941 886 997 673 231 99 504 593 934 658 812 680 49 757 952 762 364 824 210 82 291 207 732 803 176 264 74 713 153 747 318 454 28 433 159 917 494 
266 730 483 173 434 437 883 273 860 119 549 978 68 227 422 24 222 898 406 759 536 331 462 279 572 260 566 795 255 357 830 993 144 353 939 802 86 909 25 788 973 511 454 810 384 646 749 457 419 449 845 963 406 835 850 238 971 99 257 266 95 10 454 902 
260 761 609 933 664 542 623 209 443 551 404 626 855 997 35 187 667 530 530 280 689 611 827 0 938 852 119 973 15 308 647 990 417 18 219 853 872 26 594 924 496 386 626 378 583 588 425 821 246 297 47 349 942 11 111 353 767 992 605 118 878 482 486 410 
927 720 610 987 629 122 998 463 288 606 685 547 10 761 176 415 185 803 905 523 559 510 616 806 569 459 308 507 522 478 86 439 952 34 585 469 86 550 194 274 707 196 585 214 250 227 977 37 963 58 689 920 368 813 96 382 79 527 924 504 572 142 838 930 
78 530 585 333 417 392 448 684 790 109 128 931 570 992 582 216 77 656 909 290 53 731 408 350 23 779 795 633 682 25 593 891 74 696 403 23 573 98 597 492 701 875 735 599 750 809 308 170 488 857 54 241 660 747 872 635 751 24 435 916 76 741 234 877 
609 374 101 309 607 484 18 679 53 301 275 34 829 545 162 825 609 701 508 455 440 355 358 325 259 8 846 167 747 75 793 578 50 12 417 498 465 479 917 803 930 234 962 133 356 67 254 156 933 749 835 660 457 888 828 12 542 881 253 356 149 420 344 404 
319 261 175 797 762 108 875 924 779 715 129 294 85 309 895 574 884 638 277 780 711 650 456 934 100 251 752 195 549 463 432 210 734 490 72 877 519 36 10 919 284 139 528 81 318 311 330 385 834 723 94 277 308 90 364 225 683 196 394 380 412 802 671 576 
358 905 388 539 617 96 659 974 837 731 156 866 34 119 660 722 883 87 508 344 926 387 277 486 112 307 585 262 616 21 674 427 931 165 262 607 355 865 143 724 231 623 373 52 729 579 332 422 669 845 357 428 0 772 232 748 109 19 363 715 496 519 491 954 
682 382 103 460 444 670 8 56 239 572 484 705 687 971 506 539 604 60 936 516 466 361 304 27 86 429 830 155 895 681 160 233 4 613 958 568 635 798 389 738 689 25 822 285 685 12 565 462 927 461 453 424 274 90 669 213 781 633 360 367 652 289 278 725 
570 645 745 143 506 770 483 182 195 252 166 106 558 902 913 488 737 100 507 822 133 220 654 143 575 1000 212 734 638 848 454 693 488 146 967 406 774 147 754 150 540 103 452 758 689 565 657 528 859 509 326 647 264 16 649 125 293 351 305 68 125 640 988 741 
628 316 471 467 763 65 384 552 987 767 87 826 428 8 285 65 565 711 771 276 447 140 281 761 644 250 651 600 281 817 852 453 925 848 58 715 600 572 837 810 326 175 490 334 74 182 549 168 739 162 35 906 422 7 236 900 481 270 443 599 988 327 404 681 
502 41 77 191 325 392 334 942 848 68 115 954 326 440 254 714 472 990 944 848 718 52 59 314 829 499 327 724 20 953 390 23 981 526 373 895 709 451 251 521 493 837 217 579 894 46 23 809 456 808 141 556 921 542 447 329 584 259 801 943 315 85 88 732 
728 358 582 446 892 610 526 293 445 349 242 417 798 296 800 92 600 130 796 791 873 933 759 420 489 395 758 144 803 340 938 762 804 514 883 660 928 43 113 499 422 671 579 2 470 702 601 189 874 472 569 481 456 11 780 786 257 803 695 384 229 563 79 881 
225 762 72 692 249 849 419 642 914 361 308 106 585 427 145 842 123 0 672 472 867 81 997 305 136 660 586 594 88 401 526 68 438 191 405 745 590 749 411 42 683 58 882 585 860 17 672 173 818 918 950 974 688 559 373 137 975 126 119 587 344 759 257 509 
164 356 810 494 153 344 576 387 720 697 227 814 148 970 443 207 354 155 240 998 682 699 210 928 77 478 313 640 153 802 140 451 572 609 946 607 343 33 382 773 392 542 31 985 45 533 789 618 112 156 111 16 33 481 217 874 720 74 560 418 66 493 882 966 
29 312 339 434 594 828 745 94 94 122 964 703 733 698 910 144 625 973 19 742 357 739 279 4 885 686 351 524 200 802 321 359 362 7 746 65 155 710 548 213 797 37 670 506 726 665 585 730 896 914 466 679 839 664 747 999 118 92 837 981 818 685 686 238 
768 305 954 157 645 187 785 954 174 536 140 627 366 155 945 979 930 909 338 48 218 147 85 492 110 863 257 719 871 692 405 27 796 261 710 684 114 986 805 861 428 438 507 666 570 246 237 486 398 613 107 887 553 251 223 998 719 445 24 75 161 950 433 102 
219 38 102 949 303 514 3 167 597 780 666 473 635 977 915 25 182 466 586 108 147 333 532 985 527 880 892 783 653 923 901 598 97 191 657 146 89 658 302 962 96 444 924 914 935 351 583 612 661 818 305 959 10 110 576 653 106 273 823 61 711 253 390 82 
727 258 453 220 478 393 0 812 140 794 992 952 434 724 303 60 274 731 957 419 929 288 129 124 570 863 997 738 773 887 922 673 979 195 381 494 241 851 463 7 46 272 123 349 303 548 800 43 391 169 163 481 487 468 559 623 633 693 282 360 608 557 38 749 
436 376 945 826 191 724 51 795 880 35 797 77 283 908 289 682 316 125 615 88 944 212 849 524 258 685 198 767 25 686 328 754 736 264 171 379 326 83 281 318 827 910 46 755 933 60 105 276 265 686 7 215 850 752 981 79 651 685 310 109 666 529 867 62 
101 929 366 894 859 708 971 564 991 318 218 30 599 647 519 266 793 181 647 229 0 699 48 760 223 584 293 969 455 39 362 245 690 637 297 808 268 92 362 782 4 313 369 776 738 245 207 645 431 75 121 617 930 38 402 870 493 961 632 943 991 436 532 738 
824 312 604 456 353 612 735 241 415 137 556 904 83 389 489 816 439 496 170 211 967 623 952 928 840 499 283 314 878 344 617 964 838 909 660 960 469 630 555 321 139 940 936 324 763 734 242 907 325 970 284 877 428 667 91 144 633 608 538 689 294 13 668 360 
514 404 515 925 791 168 755 900 375 190 338 954 389 927 957 198 95 178 646 681 386 936 786 726 954 383 829 763 905 213 220 213 384 808 375 21 408 644 172 540 299 507 349 902 933 988 555 658 231 775 339 243 401 721 38 906 623 724 622 482 233 226 625 197 
21 241 167 13 135 380 986 967 255 560 464 644 115 394 348 297 404 283 30 335 436 211 137 172 63 145 644 223 918 608 421 207 443 137 488 193 1000 444 552 617 276 649 178 445 60 767 773 626 669 260 360 575 121 181 116 171 483 393 551 377 523 478 107 688 
276 344 624 510 437 520 614 778 172 29 916 88 483 934 465 655 145 430 666 424 427 684 278 88 755 309 619 880 356 228 103 824 646 249 72 38 667 81 925 506 671 539 832 189 67 897 292 812 908 774 554 185 537 771 338 203 713 385 397 619 725 816 551 594 
